191649486
192659554
194207076
194695516
194959798
195443284
195905742
196200043
196885731
197252110
197364170
197394265
197622427
197735555
198282113
198351179
198369198
198410273
198432301
198487327
198609425
199996835
200136943
201892695
202800646
203722529
204868670
205324164
207771572
210781572
211191003
212007852
212081916
212303102
212624502
212631428
213192016
213906729
214288117
214566356
214773563
214991789
215086880
215197004
217027869
218316118
219176971
219802583
222313091
223279112
